6,
6,
398992,
398993,
397989,
397990,
396986,
396986,
395982,
395982,
394979,
394979,
393976,
393976,
197612,
197592,
17,
41,
399982,
398980,
397977,
396974,
395971,
394969,
466,
41,
3,
1,
810,
978,
1643,
141,
2,
968,
959,
9,
2,
0,
1,
1,
192124,
339,
208,
130,
1,
89,
68,
21,
1,
978,
869,
109,
2,
45,
15,
38,
20,
38,
55,
10,
2,
1,
6,
490,
38,
2,
803,
969,
177,
1631,
140,
1,
2,
927,
165,
16,
2,
0,
310730,
911,
13,
5,
0,
2,
308,
178,
130,
0,
118305,
86,
64,
22,
1,
116,
79,
38,
0,
191,
7,
18,
15,
5,
0,
4,
173,
104,
3,
358880,
357877,
179,
166,
14,
3,
0,
310765,
141746,
118287,
185,
151,
36,
56,
966,
946,
350937,
398031,
349935,
397026,
396022,
395020,
394016,
393014,
158775,
204692,
123,
62,
940,
1146,
125,
102,
1,
728,
941,
351191,
300740,
350190,
129257,
158523,
134,
13,
12,
51,
83,
62,
134,
31,
0,
943,
302712,
250984,
179412,
126584,
235,
125,
81,
2,
93,
764,
251198,
179089,
182,
455,
311,
754,
399125,
399388,
398115,
398381,
397108,
397378,
396100,
396371,
395093,
395364,
394086,
394359,
197332,
195376,
8,
48,
271,
399403,
398728,
398398,
397721,
397394,
396715,
396389,
395707,
395381,
394701,
394377,
393697,
199953,
195675,
255,
305,
68,
688,
935,
398064,
398307,
397063,
397304,
396057,
396300,
395053,
395296,
394292,
394048,
393046,
393285,
204534,
202954,
355,
333,
